1000 612 516 29 120 
2000 620 537 31 134 
3000 634 561 35 155 
4000 651 595 42 180 
5000 657 601 40 173 
6000 684 608 42 179 
7000 662 591 40 179 
8000 657 600 42 158 
9000 663 588 33 161 
10000 653 584 32 147 
11000 682 588 39 158 
12000 692 586 38 155 
13000 688 593 28 162 
14000 646 604 35 169 
15000 584 627 44 183 
16000 554 634 57 211 
17000 557 637 73 212 
18000 564 608 60 204 
19000 609 611 51 190 
20000 642 638 44 148 
21000 644 597 64 198 
22000 650 579 52 188 
23000 595 556 62 198 
24000 569 552 59 223 
25000 557 552 54 212 
26000 549 536 54 218 
27000 565 516 53 211 
28000 619 523 53 215 
29000 660 516 50 213 
30000 686 536 56 193 
31000 685 519 67 233 
32000 669 515 70 202 
33000 717 559 65 194 
34000 785 641 54 220 
35000 811 695 62 212 
36000 784 633 61 229 
37000 737 563 71 216 
38000 677 447 69 250 
